0.549342	0.812183
0.655843	0.872964
0.252158	0.841005
0.326677	0.222428
0.420012	0.285436
0.102084	0.829006
0.539061	0.140037
0.794226	0.451633
0.533617	0.683837
0.539673	0.790571
0.069963	0.723425
0.285198	0.142087
0.688699	0.701995
0.840449	0.979598
0.268076	0.219932
0.180596	0.733891
0.660581	0.891336
0.933527	0.002597
0.429178	0.376184
0.620003	0.855422
0.862751	0.148259
0.714650	0.135256
0.787987	0.256035
0.299620	0.712199
0.757914	0.328693
0.728858	0.495914
0.823956	0.138094
0.914368	0.446508
0.726787	0.149651
0.171185	0.843945
0.744810	0.358623
0.292390	0.245018
0.345897	0.426971
0.051568	0.751906
0.436237	0.923906
0.298636	0.587701
0.816783	0.829333
0.186088	0.064299
0.635233	0.398103
0.578603	0.035364
0.099790	0.101307
0.289499	0.700667
0.095173	0.421815
0.420553	0.797756
0.923464	0.874890
0.960433	0.027816
0.060038	0.886233
0.395822	0.440678
0.531441	0.633270
0.759898	0.757524
0.950987	0.772858
0.589898	0.633064
0.360363	0.692922
0.711064	0.684370
0.180650	0.800860
0.140012	0.817506
0.529139	0.313374
0.023514	0.453242
0.511004	0.057231
0.809077	0.725953
0.715643	0.142634
0.197985	0.790107
0.669510	0.071643
0.949719	0.207477
0.471313	0.315643
0.835807	0.565564
0.714836	0.194062
0.292875	0.815266
0.587557	0.755688
0.374472	0.712354
0.693208	0.787029
0.616798	0.879321
0.433114	0.114677
0.554516	0.475109
0.691684	0.195155
0.401948	0.429608
0.119590	0.781707
0.328800	0.007006
0.666268	0.648929
0.341422	0.565373
0.415586	0.614025
0.335463	0.511562
0.243102	0.290455
0.500674	0.331377
0.731248	0.970754
0.174921	0.512365
0.823467	0.846315
0.565975	0.764419
0.242282	0.858062
0.554448	0.503963
0.440938	0.340563
0.784552	0.667377
0.038165	0.855391
0.657295	0.695530
0.801908	0.335060
0.805957	0.791207
0.390670	0.491985
0.397514	0.220916
0.314628	0.046939
0.080573	0.243694
0.759091	0.229772
0.313824	0.650195
0.431452	0.841918
0.277898	0.831363
0.074193	0.040226
0.306891	0.890173
0.621652	0.936891
0.830976	0.943116
0.294853	0.997362
0.277609	0.216521
0.187641	0.601662
0.841750	0.754101
0.375782	0.154048
0.488029	0.661353
0.297669	0.664521
0.335389	0.655787
0.568141	0.745001
0.372198	0.595444
0.126497	0.668717
0.490834	0.687569
0.887416	0.987514
0.792158	0.238143
0.939647	0.321565
0.054076	0.583624
0.809609	0.365785
0.842025	0.377867
0.392986	0.904165
0.559832	0.811057
0.506429	0.515457
0.668342	0.283291
0.127238	0.924423
0.777115	0.075430
0.934301	0.151661
0.475079	0.791360
0.099605	0.810017
0.523862	0.546779
0.426728	0.923170
0.316404	0.432801
0.853856	0.883919
0.904695	0.963600
0.640059	0.388332
0.927125	0.189055
0.916886	0.741143
0.531449	0.834945
0.175036	0.588626
0.872531	0.093636
0.184289	0.542895
0.514059	0.999349
0.130144	0.785700
0.308096	0.419931
0.305879	0.862857
0.023053	0.253197
0.502063	0.440672
0.348362	0.294342
0.357385	0.533043
0.773656	0.661021
0.182331	0.658528
0.678811	0.532847
0.554376	0.811963
0.750751	0.271779
0.410020	0.362631
0.221789	0.174020
0.351234	0.160100
0.287164	0.740554
0.675256	0.242543
0.321747	0.070080
0.209320	0.961257
0.514580	0.579446
0.473984	0.973245
0.871381	0.098360
0.350620	0.742507
0.254646	0.728803
0.598598	0.283717
0.149456	0.595494
0.381584	0.795094
0.446213	0.907906
0.877485	0.546701
0.305011	0.878844
0.115835	0.828114
0.620907	0.977106
0.621553	0.659780
0.996651	0.812246
0.882437	0.287488
0.707507	0.182931
0.592732	0.183923
0.546135	0.597257
0.278599	0.896997
0.888085	0.378692
0.650575	0.148753
0.708809	0.467774
0.541921	0.383040
0.843073	0.831242
0.867788	0.380235
0.013407	0.932764
0.610297	0.850808
0.497362	0.887557
0.264186	0.626662
0.756692	0.565939
0.243066	0.271467
0.743112	0.634637
0.229739	0.697475
0.948670	0.618075
0.907459	0.103477
0.845802	0.035761
0.260194	0.367325
0.342020	0.321793
0.931768	0.286321
0.101054	0.202949
0.067460	0.238841
0.342363	0.984892
0.669114	0.582750
0.124595	0.927852
0.333795	0.752860
0.923538	0.553890
0.775936	0.844777
0.756904	0.835115
0.557225	0.651801
0.248670	0.043454
0.219655	0.732546
0.635584	0.182244
0.226160	0.912213
0.478505	0.506739
0.267664	0.089908
0.075765	0.044282
0.568151	0.906040
0.403859	0.346419
0.880510	0.119465
0.632982	0.095143
0.395605	0.359227
0.304710	0.209962
0.345736	0.699753
0.985108	0.699986
0.764118	0.932340
0.898595	0.236897
0.445951	0.060465
0.465874	0.446758
0.394627	0.286152
0.890783	0.982306
0.984799	0.136285
0.097609	0.087102
0.931958	0.835385
0.677938	0.427196
0.291681	0.924927
0.728864	0.745422
0.828824	0.074601
0.325098	0.771645
0.372500	0.727581
0.714311	0.830356
0.610547	0.493428
0.000532	0.799223
0.839356	0.539650
0.134785	0.118446
0.451711	0.835073
0.536718	0.669869
0.960182	0.686051
0.057619	0.097822
0.047225	0.266373
0.451940	0.496606
0.142000	0.887722
0.530711	0.057378
0.245160	0.498153
0.635641	0.919552
0.714558	0.245492
0.639868	0.544769
0.950828	0.269553
0.382149	0.104672
0.640439	0.195780
0.118632	0.877731
0.962439	0.146584
0.610777	0.473995
0.053973	0.415652
0.343921	0.256969
0.150552	0.432613
0.590111	0.680885
0.597494	0.578446
0.525621	0.223951
0.961013	0.831350
0.690362	0.379456
0.652066	0.615753
0.722117	0.563680
0.211663	0.174898
0.698714	0.091612
0.116897	0.040396
0.908362	0.411262
0.299491	0.362877
0.112628	0.371837
0.856367	0.666701
0.814863	0.585463
0.834732	0.353659
0.325067	0.396629
0.835564	0.057684
0.555698	0.134045
0.847856	0.016723
0.506904	0.903647
0.732384	0.576199
0.636452	0.313207
0.344450	0.580794
0.899055	0.138077
0.891039	0.611942
0.338211	0.193097
0.331553	0.326965
0.447533	0.785927
0.452402	0.622016
0.119912	0.912439
0.723023	0.463022
0.795915	0.714743
0.203239	0.580063
0.847491	0.930216
0.082235	0.689506
0.122535	0.861861
0.888903	0.826568
0.006054	0.573361
0.821659	0.391910
0.347207	0.817915
0.528453	0.062130
0.959319	0.930577
0.910009	0.258183
0.597396	0.004275
0.106251	0.427068
0.414224	0.791704
0.954336	0.396028
0.131692	0.977474
0.508527	0.435435
0.693422	0.280777
0.003900	0.363966
0.279045	0.590619
0.730434	0.844696
0.667945	0.442797
0.414430	0.923898
0.189497	0.309430
0.852864	0.280613
0.152953	0.523525
0.874840	0.865508
0.122376	0.870217
0.792651	0.307865
0.966432	0.761304
0.450927	0.629214
0.769451	0.258077
0.272020	0.876430
0.147590	0.481058
0.151200	0.636208
0.554974	0.079543
0.895669	0.597725
0.607007	0.885596
0.243813	0.324875
0.378399	0.167354
0.291842	0.111603
0.756741	0.458675
0.510924	0.130754
0.212693	0.851655
0.013220	0.318043
0.044223	0.526378
0.100579	0.090024
0.751458	0.048797
0.871994	0.526090
0.145096	0.631887
0.342660	0.349282
0.894773	0.910156
0.183100	0.725560
0.309613	0.984146
0.849889	0.004797
0.642428	0.207722
0.813041	0.654388
0.996275	0.733340
0.587971	0.871219
0.894396	0.478719
0.376549	0.719157
0.610730	0.978447
0.873712	0.416531
0.083564	0.831216
0.948136	0.698038
0.605402	0.520513
0.136209	0.032010
0.260354	0.535533
0.139467	0.698336
0.274963	0.405562
0.139239	0.776507
0.567537	0.516464
0.307316	0.842203
0.586299	0.723638
0.196163	0.038956
0.154525	0.030584
0.570550	0.151554
0.017845	0.019342
0.269473	0.964827
0.420479	0.034829
0.430851	0.928983
0.034931	0.236754
0.912754	0.244483
0.987647	0.145281
0.346475	0.736501
0.958225	0.986442
0.179857	0.704270
0.286118	0.138156
0.137059	0.985923
0.991831	0.381526
0.414247	0.414921
0.736516	0.015477
0.287728	0.146124
0.468999	0.248739
0.807260	0.652779
0.617662	0.324742
0.051016	0.470887
0.692251	0.165331
0.232165	0.178645
0.952327	0.855484
0.992926	0.807918
0.605641	0.593241
0.629848	0.261674
0.140517	0.703413
0.284494	0.350845
0.023475	0.623066
0.747931	0.681742
0.673855	0.537818
0.088639	0.948710
0.091342	0.258773
0.455175	0.162965
0.831983	0.065622
0.701576	0.457852
0.189111	0.533188
0.108788	0.483263
0.192572	0.938853
0.774504	0.799262
0.912816	0.913263
0.927679	0.907468
0.832467	0.521294
0.173239	0.936045
0.676345	0.228965
0.860723	0.396767
0.567428	0.134231
0.611759	0.918364
0.020608	0.889138
0.361392	0.350666
0.501696	0.970354
0.852791	0.844892
0.132359	0.125535
0.257968	0.790343
0.654214	0.605714
0.193551	0.307562
0.041149	0.225857
0.518600	0.656126
0.595394	0.419150
0.413965	0.288887
0.669383	0.440687
0.015243	0.670985
0.632841	0.089100
0.727047	0.730385
0.861854	0.216981
0.948554	0.655884
0.474238	0.644211
0.035122	0.331265
0.201664	0.100627
0.610627	0.890905
0.667455	0.187345
0.497015	0.006403
0.884098	0.014046
0.985471	0.456939
0.493225	0.839058
0.014691	0.502322
0.037340	0.028652
0.563152	0.905743
0.959750	0.810432
0.380200	0.968178
0.305695	0.007033
0.308166	0.605413
0.523053	0.079203
0.121366	0.379688
0.136544	0.290592
0.698163	0.932817
0.795410	0.612451
0.539200	0.200706
0.203751	0.457502
0.356784	0.994127
0.753736	0.860310
0.807399	0.698679
0.217685	0.990300
0.698040	0.671005
0.070822	0.930392
0.623502	0.631255
0.153289	0.645484
0.397768	0.069398
0.551181	0.485991
0.088931	0.975585
0.482586	0.428903
0.053404	0.020462
0.566430	0.725560
0.550741	0.103689
0.106590	0.012734
0.245078	0.249980
0.750067	0.260981
0.775635	0.091504
0.515141	0.978616
0.129901	0.282546
0.557270	0.111177
0.847053	0.017916
0.247348	0.013324
0.860404	0.059228
0.804829	0.352549
0.466006	0.648614
0.637391	0.024907
0.492844	0.478176
0.479061	0.446595
0.243802	0.756903
0.760617	0.805113
0.594624	0.367122
0.531502	0.689926
0.553084	0.403310
0.813522	0.243873
0.815011	0.679865
0.697286	0.219024
0.222596	0.826736
0.950833	0.879074
0.649324	0.874190
0.567288	0.179618
0.944108	0.432114
0.841396	0.354112
0.039613	0.726656
0.491065	0.382438
0.854809	0.791501
0.828162	0.941157
0.037623	0.512129
0.312990	0.249428
0.234967	0.050037
0.994418	0.755583
0.882354	0.281739
0.392834	0.173294
0.149360	0.315824
0.273195	0.727157
0.273632	0.955862
0.129204	0.750892
0.495133	0.111704
0.584771	0.803490
0.195377	0.116788
0.710533	0.406996
0.596134	0.674184
0.438410	0.926691
0.705450	0.792372
0.647815	0.389139
0.457309	0.982778
0.725659	0.487517
0.371603	0.384633
0.182822	0.734192
0.820949	0.299874
0.684826	0.931017
0.506330	0.172596
0.395091	0.026090
0.989849	0.121211
0.484301	0.051278
0.000968	0.569663
0.492727	0.191269
0.682672	0.313767
0.554983	0.561040
0.906505	0.512444
0.671505	0.547250
0.159539	0.800057
0.211134	0.743515
0.187366	0.209594
0.399669	0.098136
0.741558	0.893536
0.236627	0.758828
0.970357	0.787720
0.407223	0.884235
0.905904	0.552670
0.589471	0.379817
0.079224	0.253481
0.217301	0.355569
0.630895	0.745415
0.087016	0.932936
0.589402	0.792956
0.422239	0.976517
0.107247	0.986862
0.069358	0.988775
0.161406	0.971540
0.715967	0.610522
0.310903	0.042249
0.799798	0.195528
0.054759	0.016617
0.016667	0.705683
0.683825	0.257047
0.198018	0.954059
0.430425	0.803758
0.756038	0.804825
0.365703	0.595675
0.618804	0.815482
0.562980	0.974561
0.287057	0.208235
0.025482	0.405739
0.026803	0.046969
0.382155	0.385311
0.112239	0.494071
0.351201	0.908779
0.448510	0.330842
0.269735	0.214033
0.733448	0.122277
0.905303	0.630328
0.406592	0.730294
0.279825	0.335428
0.788228	0.526784
0.787951	0.285123
0.890731	0.479842
0.449629	0.153240
0.352200	0.532061
0.743505	0.028066
0.957800	0.298230
0.925752	0.435982
0.166499	0.819713
0.482854	0.124963
0.621572	0.093005
0.800819	0.890978
0.992810	0.158635
0.137182	0.532434
0.655459	0.636390
0.539851	0.287708
0.889885	0.758015
0.268433	0.356451
0.832165	0.113541
0.140938	0.770779
0.092102	0.828476
0.558012	0.571923
0.156668	0.709186
0.505424	0.820945
0.200662	0.717236
0.835296	0.259431
0.704761	0.101373
0.984493	0.162087
0.572400	0.148201
0.117773	0.849078
0.084926	0.091314
0.922818	0.189580
0.839289	0.226621
0.429457	0.467061
0.124003	0.152308
0.531899	0.203941
0.771265	0.440240
0.440511	0.694116
0.172338	0.101256
0.133148	0.064565
0.762268	0.050983
0.766871	0.959134
0.521730	0.861134
0.247002	0.102885
0.193117	0.309567
0.923893	0.369400
0.680310	0.072592
0.595121	0.744195
0.950415	0.294285
0.291742	0.195096
0.327859	0.078109
0.179377	0.544041
0.984623	0.469915
0.561683	0.751021
0.405476	0.115008
0.293163	0.523253
0.561191	0.729367
0.563837	0.532363
0.780683	0.807363
0.946108	0.135617
0.135599	0.034824
0.829541	0.737734
0.237536	0.559261
0.206783	0.864338
0.042191	0.453379
0.936576	0.384522
0.561146	0.332890
0.814431	0.670394
0.884689	0.371548
0.793376	0.805428
0.236347	0.243159
0.244439	0.209929
0.686710	0.114914
0.166655	0.365765
0.757769	0.479311
0.564241	0.707827
0.645841	0.159797
0.543278	0.278805
0.448437	0.064098
0.041483	0.023345
0.625631	0.619144
0.501424	0.032993
0.693580	0.051672
0.794104	0.586652
0.536957	0.894909
0.075153	0.308014
0.539471	0.754185
0.976075	0.724066
0.686224	0.941773
0.834252	0.857668
0.685358	0.305216
0.557498	0.791943
0.381863	0.808828
0.676653	0.802106
0.935614	0.090915
0.129085	0.028827
0.615347	0.805512
0.303679	0.470701
0.988391	0.911057
0.164747	0.372539
0.118948	0.832687
0.050019	0.997440
0.067235	0.417611
0.146503	0.127992
0.346473	0.472692
0.781859	0.956338
0.710729	0.864204
0.772620	0.912178
0.725528	0.454420
0.046102	0.523525
0.396975	0.756233
0.402497	0.673870
0.926587	0.643287
0.814170	0.476948
0.464023	0.903004
0.811180	0.935981
0.382049	0.145765
0.332548	0.974467
0.740345	0.721692
0.252888	0.880391
0.813020	0.463686
0.760798	0.694471
0.486361	0.616887
0.350964	0.546593
0.768494	0.318359
0.765515	0.814808
0.500205	0.508025
0.029016	0.775701
0.552626	0.759906
0.917901	0.862561
0.755610	0.222105
0.130478	0.373833
0.699457	0.485616
0.478891	0.007942
0.476638	0.898462
0.857552	0.677774
0.471712	0.615629
0.678676	0.194997
0.220137	0.937683
0.174559	0.659623
0.653054	0.640869
0.135584	0.184121
0.521021	0.652619
0.486011	0.526304
0.820776	0.800115
0.997247	0.827973
0.139186	0.525916
0.200495	0.633947
0.608799	0.653078
0.720221	0.898515
0.599082	0.728358
0.803406	0.469398
0.201999	0.745855
0.746927	0.944508
0.123433	0.439887
0.705516	0.618239
0.280666	0.616835
0.217835	0.472420
0.838673	0.975804
0.170976	0.072991
0.273334	0.255642
0.582064	0.724037
0.452540	0.272168
0.606233	0.001304
0.108311	0.215589
0.035172	0.183256
0.068198	0.429837
0.130188	0.603729
0.150678	0.581118
0.162795	0.798319
0.223609	0.806529
0.516156	0.606876
0.415628	0.190327
0.463700	0.323599
0.893913	0.624075
0.432181	0.939107
0.030528	0.319215
0.103899	0.470880
0.342554	0.500375
0.129213	0.667163
0.580055	0.347189
0.443353	0.530354
0.246430	0.106654
0.844251	0.419004
0.132417	0.788836
0.868101	0.324720
0.985283	0.188789
0.951708	0.011629
0.331255	0.822577
0.356356	0.783586
0.792874	0.349646
0.976353	0.659114
0.586336	0.046761
0.191126	0.954012
0.012379	0.357730
0.495501	0.369062
0.293128	0.158251
0.068345	0.652670
0.896075	0.885699
0.616145	0.672802
0.267685	0.051796
0.151567	0.384699
0.394787	0.701402
0.317726	0.658991
0.285818	0.912560
0.152925	0.328288
0.239652	0.107006
0.422258	0.515907
0.471487	0.196514
0.096973	0.025036
0.261375	0.364696
0.931564	0.733942
0.161377	0.086508
0.269940	0.827538
0.000193	0.886836
0.302916	0.560402
0.791957	0.280140
0.232198	0.453667
0.327117	0.846343
0.555705	0.578013
0.774743	0.319942
0.977924	0.511368
0.956088	0.169010
0.269999	0.467189
0.090561	0.141442
0.416608	0.650645
0.583481	0.874546
0.449448	0.730835
0.309233	0.423214
0.132147	0.567451
0.770941	0.639175
0.516520	0.251009
0.940061	0.606510
0.632557	0.349102
0.202344	0.004420
0.644644	0.185141
0.891226	0.460883
0.743718	0.018121
0.880786	0.257856
0.007160	0.949570
0.756734	0.803862
0.806174	0.119505
0.627335	0.098432
0.098215	0.260146
0.394043	0.579509
0.895593	0.609749
0.490047	0.495134
0.805087	0.575739
0.933143	0.459816
0.675751	0.318513
0.981525	0.815684
0.526971	0.175442
0.590761	0.223586
0.562196	0.133217
0.812151	0.008708
0.669918	0.936702
0.139202	0.422574
0.791738	0.088576
0.080928	0.949512
0.236137	0.141911
0.927556	0.916950
0.591465	0.470343
0.882174	0.409391
0.054573	0.317728
0.850631	0.826318
0.823544	0.686127
0.825689	0.238452
0.074228	0.999037
0.809157	0.002948
0.709757	0.307481
0.062592	0.018334
0.720429	0.293358
0.515413	0.011726
0.293020	0.421246
0.049427	0.379312
0.787455	0.312586
0.655673	0.706358
0.466614	0.624965
0.182047	0.728064
0.261163	0.591809
0.629350	0.205629
0.990651	0.169665
0.849249	0.490966
0.136311	0.208830
0.581478	0.711151
0.055889	0.080908
0.936970	0.366046
0.353485	0.367096
0.234051	0.701055
0.926101	0.750776
0.759482	0.414503
0.616429	0.741435
0.960009	0.605318
0.714674	0.810053
0.927059	0.327351
0.091360	0.014354
0.442667	0.210356
0.920489	0.538026
0.754130	0.573331
0.454081	0.806089
0.519225	0.246980
0.006847	0.709094
0.378381	0.427369
0.883285	0.327233
0.401553	0.601903
0.300849	0.327702
0.799563	0.670677
0.471640	0.903773
0.368647	0.687179
0.894969	0.794721
0.896577	0.933244
0.676511	0.034622
0.188339	0.155904
0.464488	0.386518
0.452695	0.929834
0.367068	0.521856
0.039908	0.628986
0.963994	0.172840
0.353806	0.761214
0.453894	0.756779
0.823064	0.225247
0.297934	0.501679
0.233379	0.759331
0.590786	0.622614
0.954571	0.039287
0.484973	0.986991
0.912840	0.549851
0.355610	0.253702
0.687594	0.867215
0.491118	0.147697
0.889910	0.549452
0.986585	0.283741
0.400193	0.166140
0.003849	0.478394
0.419525	0.916847
0.164978	0.532933
0.096517	0.338685
0.399230	0.151767
0.844391	0.192041
0.426146	0.808706
0.267752	0.793394
0.185358	0.862376
0.028823	0.296841
0.226593	0.819699
0.424837	0.151507
0.050416	0.743563
0.777455	0.550778
0.554245	0.386786
0.304212	0.815700
0.044892	0.047972
0.282277	0.058514
0.630950	0.310080
0.588057	0.886993
0.216496	0.914075
0.958786	0.100521
0.540452	0.322367
0.549580	0.784588
0.972766	0.369196
0.998222	0.654495
0.068304	0.680181
0.995834	0.218479
0.018441	0.916677
0.233449	0.137455
0.351925	0.469591
0.689018	0.923131
0.277629	0.152030
0.445526	0.020760
0.989922	0.083858
0.261309	0.844651
0.684136	0.959079
0.648920	0.834000
0.679859	0.500510
0.000295	0.160955
0.501484	0.555261
0.375665	0.089148
0.276622	0.567309
0.011908	0.754850
0.184903	0.777739
0.092434	0.191805
0.095952	0.067270
0.584270	0.713563
0.347188	0.461091
0.412287	0.218351
0.242759	0.932837
0.141868	0.913446
0.973069	0.502839
0.380180	0.181839
0.529169	0.895537
0.210614	0.347469
0.472602	0.510941
0.231199	0.869791
0.563000	0.946580
0.294473	0.971300
0.142283	0.811371
0.160409	0.449244
0.258569	0.019299
0.975925	0.103876
0.404072	0.684248
0.034554	0.810433
0.671309	0.929864
0.032284	0.220138
0.554098	0.563546
0.431166	0.687378
